3,2
10,256
10,125
10,103
10,163
10,232
10,253
10,271
9,7
9,6
9,1
9,4
9,2
9,3
8,11
8,4
8,13
8,10
8,7
8,2
8,3
45,4
45,3
45,1
34,4
34,3
34,1
26,3
26,1
20,3
20,2
20,1
19,3
19,2
19,1
12,3
12,2
12,1
11,30
11,29
11,28
11,27
11,26
11,25
11,24
11,23
11,22
11,21
11,20
11,19
11,18
11,17
11,16
11,15
11,14
11,13
11,12
11,11
18,1
11,10
18,3
11,9
11,8
11,7
11,6
11,5
11,4
14,1
11,3
14,3
11,2
13,1
11,1
10,316
13,3
10,315
10,314
10,313
10,312
10,311
10,310
10,309
10,308
10,307
10,306
10,305
10,304
10,303
10,302
10,301
10,300
10,299
10,298
10,297
10,296
10,295
10,294
10,293
10,292
10,289
10,263
10,255
10,252
10,247
10,242
